]
→ Sending to servo: [
  255, 255,  2,   4,
    2,  40, 31, 176
]
← Received from servo: [
  255, 255,  2,  33, 0, 0,  0,  0,  0, 0,
    0,   0,  0, 232, 3, 0,  0,  0,  0, 0,
    1,  44,  3,   0, 0, 0,  0, 50, 27, 0,
    0,   0, 44,   3, 0, 0, 69
]
→ Sending to servo: [
  255, 255,  3,   4,
    2,  40, 31, 175
]
← Received from servo: [
  255, 255,  3,  33, 0, 0,   0,  0,  0, 0,
    0,   0,  0, 232, 3, 0,   0,  0,  0, 0,
    1,   9, 12,   0, 0, 0,   0, 50, 26, 0,
    0,   0,  9,  12, 0, 0, 121
]
→ Sending to servo: [
  255, 255,  4,   4,
    2,  40, 31, 174
]
← Received from servo: [
  255, 255,  4,  33, 0, 0,  0,  0,  0, 0,
    0,   0,  0, 232, 3, 0,  0,  0,  0, 0,
    1,  46,  7, 244, 1, 0,  0, 50, 27, 0,
    0,   0, 46,   7, 0, 0, 66
]
→ Sending to servo: [
  255, 255,  5,   4,
    2,  40, 31, 173
]
← Received from servo: [
  255, 255,   5,  33, 0, 0,   0,  0,  0, 0,
    0,   0,   0, 232, 3, 0,   0,  0,  0, 0,
    1, 129,   7, 182, 3, 0,   0, 50, 28, 0,
    0,   0, 129,   7, 0, 0, 214
]
→ Sending to servo: [
  255, 255,  6,   4,
    2,  40, 31, 172
]
← Received from servo: [
  255, 255, 6,  33, 0, 0,   0,  0,  0, 0,
    0,   0, 0, 232, 3, 0,   0,  0,  0, 0,
    1,   0, 8,   0, 0, 0,   0, 50, 28, 0,
    0,   0, 0,   8, 0, 0, 142
]
→ Sending to servo: [
  255, 255,  1,   4,
    2,  40, 31, 177
]
← Received from servo: [
  255, 255,  1,  33, 0, 0,  0,  0,  0, 0,
    0,   0,  0, 232, 3, 0,  0,  0,  0, 0,
    1,  35, 12,   0, 0, 0,  0, 50, 26, 0,
    0,   0, 35,  12, 0, 0, 71
]
→ Sending to servo: [
  255, 255,  2,   4,
    2,  40, 31, 176
]
← Received from servo: [
  255, 255,  2,  33, 0, 0,  0,  0,  0, 0,
    0,   0,  0, 232, 3, 0,  0,  0,  0, 0,
    1,  45,  3,   0, 0, 0,  0, 50, 27, 0,
    0,   0, 45,   3, 0, 0, 67
]
→ Sending to servo: [
  255, 255,  3,   4,
    2,  40, 31, 175
]
← Received from servo: [
  255, 255,  3,  33, 0, 0,   0,  0,  0, 0,
    0,   0,  0, 232, 3, 0,   0,  0,  0, 0,
    1,   9, 12,   0, 0, 0,   0, 49, 26, 0,
    0,   0,  9,  12, 0, 0, 122
]
→ Sending to servo: [
  255, 255,  4,   4,
    2,  40, 31, 174
]
← Received from servo: [
  255, 255,   4,  33, 0, 0,  0,  0,  0, 0,
    0,   0,   0, 232, 3, 0,  0,  0,  0, 0,
    1, 145,   8,  38, 2, 0,  0, 50, 27, 0,
    0,   0, 145,   8, 0, 0, 71
]
→ Sending to servo: [
  255, 255,  5,   4,
    2,  40, 31, 173
]
← Received from servo: [
  255, 255,   5,  33, 0, 0,   0,  0,  0, 0,
    0,   0,   0, 232, 3, 0,   0,  0,  0, 0,
    1, 238,   7,   0, 0, 0,   0, 50, 28, 0,
    0,   0, 238,   7, 0, 0, 181
]
→ Sending to servo: [
  255, 255,  6,   4,
    2,  40, 31, 172
]
← Received from servo: [
  255, 255, 6,  33, 0, 0,   0,  0,  0, 0,
    0,   0, 0, 232, 3, 0,   0,  0,  0, 0,
    1,   0, 8,   0, 0, 0,   0, 50, 28, 0,
    0,   0, 0,   8, 0, 0, 142
]
→ Sending to servo: [
  255, 255,  1,   4,
    2,  40, 31, 177
]
← Received from servo: [
  255, 255,  1,  33, 0, 0,  0,  0,  0, 0,
    0,   0,  0, 232, 3, 0,  0,  0,  0, 0,
    1,  35, 12,   0, 0, 0,  0, 50, 26, 0,
    0,   0, 35,  12, 0, 0, 71
]
→ Sending to servo: [
  255, 255,  2,   4,
    2,  40, 31, 176
]
← Received from servo: [
  255, 255,  2,  33, 0, 0,  0,  0,  0, 0,
    0,   0,  0, 232, 3, 0,  0,  0,  0, 0,
    1,  47,  3,   0, 0, 0,  0, 50, 27, 0,
    0,   0, 47,   3, 0, 0, 63
]
→ Sending to servo: [
  255, 255,  3,   4,
    2,  40, 31, 175
]
← Received from servo: [
  255, 255,  3,  33, 0, 0,   0,  0,  0, 0,
    0,   0,  0, 232, 3, 0,   0,  0,  0, 0,
    1,   9, 12,   0, 0, 0,   0, 49, 26, 0,
    0,   0,  9,  12, 0, 0, 122
]
→ Sending to servo: [
  255, 255,  4,   4,
    2,  40, 31, 174
]
← Received from servo: [
  255, 255,  4,  33, 0, 0,   0,  0,  0, 0,
    0,   0,  0, 232, 3, 0,   0,  0,  0, 0,
    1,  84,  9,  44, 1, 0,   0, 50, 27, 0,
    0,   0, 84,   9, 0, 0, 186
]
→ Sending to servo: [
  255, 255,  5,   4,
    2,  40, 31, 173
]
← Received from servo: [
  255, 255,   5,  33,   0, 0, 0,  0,  0, 0,
    0,   0,   0, 232,   3, 0, 0,  0,  0, 0,
    1, 237,   7,  50, 128, 0, 0, 50, 28, 0,
    0,   0, 237,   7,   0, 0, 5
]
→ Sending to servo: [
  255, 255,  6,   4,
    2,  40, 31, 172
]
← Received from servo: [
  255, 255, 6,  33, 0, 0,   0,  0,  0, 0,
    0,   0, 0, 232, 3, 0,   0,  0,  0, 0,
    1,   0, 8,   0, 0, 0,   0, 50, 28, 0,
    0,   0, 0,   8, 0, 0, 142
]
→ Sending to servo: [
  255, 255,  1,   4,
    2,  40, 31, 177
]
← Received from servo: [
  255, 255,  1,  33, 0, 0,  0,  0,  0, 0,
    0,   0,  0, 232, 3, 0,  0,  0,  0, 0,
    1,  38, 12,   0, 0, 0,  0, 50, 26, 0,
    0,   0, 38,  12, 0, 0, 65
]
→ Sending to servo: [
  255, 255,  2,   4,
    2,  40, 31, 176
]
← Received from servo: [
  255, 255,  2,  33, 0, 0,  0,  0,  0, 0,
    0,   0,  0, 232, 3, 0,  0,  0,  0, 0,
    1,  49,  3,   0, 0, 0,  0, 50, 27, 0,
    0,   0, 49,   3, 0, 0, 59
]
→ Sending to servo: [
  255, 255,  3,   4,
    2,  40, 31, 175
]
← Received from servo: [
  255, 255,  3,  33, 0, 0,   0,  0,  0, 0,
    0,   0,  0, 232, 3, 0,   0,  0,  0, 0,
    1,  10, 12,   0, 0, 0,   0, 50, 27, 0,
    0,   0, 10,  12, 0, 0, 118
]
→ Sending to servo: [
  255, 255,  4,   4,
    2,  40, 31, 174
]
← Received from servo: [
  255, 255,   4,  33, 0, 0,   0,  0,  0, 0,
    0,   0,   0, 232, 3, 0,   0,  0,  0, 0,
    1, 244,   9,  44, 1, 0,   0, 50, 27, 0,
    0,   0, 244,   9, 0, 0, 122
]
→ Sending to servo: [
  255, 255,  5,   4,
    2,  40, 31, 173
]
← Received from servo: [
  255, 255,   5,  33, 0, 0,   0,  0,  0, 0,
    0,   0,   0, 232, 3, 0,   0,  0,  0, 0,
    1, 237,   7,   0, 0, 0,   0, 50, 28, 0,
    0,   0, 237,   7, 0, 0, 183
]
→ Sending to servo: [
  255, 255,  6,   4,
    2,  40, 31, 172
]
← Received from servo: [
  255, 255, 6,  33, 0, 0,   0,  0,  0, 0,
    0,   0, 0, 232, 3, 0,   0,  0,  0, 0,
    1,   0, 8,   0, 0, 0,   0, 50, 28, 0,
    0,   0, 0,   8, 0, 0, 142
]
→ Sending to servo: [
  255, 255,  1,   4,
    2,  40, 31, 177
]
← Received from servo: [
  255, 255,  1,  33, 0, 0,  0,  0,  0, 0,
    0,   0,  0, 232, 3, 0,  0,  0,  0, 0,
    1,  38, 12,   0, 0, 0,  0, 50, 26, 0,
    0,   0, 38,  12, 0, 0, 65
]
→ Sending to servo: [
  255, 255,  2,   4,
    2,  40, 31, 176
]
← Received from servo: [
  255, 255,  2,  33, 0, 0,  0,  0,  0, 0,
    0,   0,  0, 232, 3, 0,  0,  0,  0, 0,
    1,  46,  3,   0, 0, 0,  0, 50, 27, 0,
    0,   0, 46,   3, 0, 0, 65
]
→ Sending to servo: [
  255, 255,  3,   4,
    2,  40, 31, 175
]
← Received from servo: [
  255, 255,  3,  33, 0, 0,   0,  0,  0, 0,
    0,   0,  0, 232, 3, 0,   0,  0,  0, 0,
    1,  10, 12,   0, 0, 0,   0, 49, 26, 0,
    0,   0, 10,  12, 0, 0, 120
]
→ Sending to servo: [
  255, 255,  4,   4,
    2,  40, 31, 174
]
← Received from servo: [
  255, 255,  4,  33, 0, 0,  0,  0,  0, 0,
    0,   0,  0, 232, 3, 0,  0,  0,  0, 0,
    1,  42, 10,   0, 0, 0,  0, 50, 27, 0,
    0,   0, 42,  10, 0, 0, 57
]
→ Sending to servo: [
  255, 255,  5,   4,
    2,  40, 31, 173
]
← Received from servo: [
  255, 255,   5,  33, 0, 0,   0,  0,  0, 0,
    0,   0,   0, 232, 3, 0,   0,  0,  0, 0,
    1, 232,   7,   0, 0, 0,   0, 50, 28, 0,
    0,   0, 232,   7, 0, 0, 193
]
→ Sending to servo: [
  255, 255,  6,   4,
    2,  40, 31, 172
]
← Received from servo: [
  255, 255, 6,  33, 0, 0,   0,  0,  0, 0,
    0,   0, 0, 232, 3, 0,   0,  0,  0, 0,
    1,   0, 8,   0, 0, 0,   0, 50, 28, 0,
    0,   0, 0,   8, 0, 0, 142
]
→ Sending to servo: [
  255, 255,  1,   4,
    2,  40, 31, 177
]
← Received from servo: [
  255, 255,  1,  33, 0, 0,  0,  0,  0, 0,
    0,   0,  0, 232, 3, 0,  0,  0,  0, 0,
    1,  37, 12,   0, 0, 0,  0, 50, 26, 0,
    0,   0, 37,  12, 0, 0, 67
]
→ Sending to servo: [
  255, 255,  2,   4,
    2,  40, 31, 176
]
← Received from servo: [
  255, 255,  2,  33, 0, 0,  0,  0,  0, 0,
    0,   0,  0, 232, 3, 0,  0,  0,  0, 0,
    1,  46,  3,   0, 0, 0,  0, 50, 27, 0,
    0,   0, 46,   3, 0, 0, 65
]
→ Sending to servo: [
  255, 255,  3,   4,
    2,  40, 31, 175
]
← Received from servo: [
  255, 255,  3,  33, 0, 0,   0,  0,  0, 0,
    0,   0,  0, 232, 3, 0,   0,  0,  0, 0,
    1,  10, 12,   0, 0, 0,   0, 49, 26, 0,
    0,   0, 10,  12, 0, 0, 120
]
→ Sending to servo: [
  255, 255,  4,   4,
    2,  40, 31, 174
]
← Received from servo: [
  255, 255,  4,  33, 0, 0,  0,  0,  0, 0,
    0,   0,  0, 232, 3, 0,  0,  0,  0, 0,
    1,  42, 10,   0, 0, 0,  0, 50, 27, 0,
    0,   0, 42,  10, 0, 0, 57
]
→ Sending to servo: [
  255, 255,  5,   4,
    2,  40, 31, 173
]
← Received from servo: [
  255, 255,   5,  33, 0, 0,   0,  0,  0, 0,
    0,   0,   0, 232, 3, 0,   0,  0,  0, 0,
    1, 234,   7,   0, 0, 0,   0, 50, 28, 0,
    0,   0, 234,   7, 0, 0, 189
]
→ Sending to servo: [
  255, 255,  6,   4,
    2,  40, 31, 172
]
← Received from servo: [
  255, 255, 6,  33, 0, 0,   0,  0,  0, 0,
    0,   0, 0, 232, 3, 0,   0,  0,  0, 0,
    1,   0, 8,   0, 0, 0,   0, 50, 28, 0,
    0,   0, 0,   8, 0, 0, 142
]
→ Sending to servo: [
  255, 255,  1,   4,
    2,  40, 31, 177
]
← Received from servo: [
  255, 255,  1,  33, 0, 0,  0,  0,  0, 0,
    0,   0,  0, 232, 3, 0,  0,  0,  0, 0,
    1,  37, 12,   0, 0, 0,  0, 50, 26, 0,
    0,   0, 37,  12, 0, 0, 67
]
→ Sending to servo: [
  255, 255,  2,   4,
    2,  40, 31, 176
]
← Received from servo: [
  255, 255,  2,  33, 0, 0,  0,  0,  0, 0,
    0,   0,  0, 232, 3, 0,  0,  0,  0, 0,
    1,  46,  3,   0, 0, 0,  0, 50, 27, 0,
    0,   0, 46,   3, 0, 0, 65
]
→ Sending to servo: [
  255, 255,  3,   4,
    2,  40, 31, 175
]
← Received from servo: [
  255, 255,  3,  33, 0, 0,   0,  0,  0, 0,
    0,   0,  0, 232, 3, 0,   0,  0,  0, 0,
    1,  10, 12,   0, 0, 0,   0, 50, 26, 0,
    0,   0, 10,  12, 0, 0, 119
]
→ Sending to servo: [
  255, 255,  4,   4,
    2,  40, 31, 174
]
← Received from servo: [
  255, 255,  4,  33, 0, 0,  0,  0,  0, 0,
    0,   0,  0, 232, 3, 0,  0,  0,  0, 0,
    1,  42, 10,   0, 0, 0,  0, 50, 27, 0,
    0,   0, 42,  10, 0, 0, 57
]
→ Sending to servo: [
  255, 255,  5,   4,
    2,  40, 31, 173
]
← Received from servo: [
  255, 255,   5,  33, 0, 0,   0,  0,  0, 0,
    0,   0,   0, 232, 3, 0,   0,  0,  0, 0,
    1, 234,   7,   0, 0, 0,   0, 50, 28, 0,
    0,   0, 234,   7, 0, 0, 189
]
→ Sending to servo: [
  255, 255,  6,   4,
    2,  40, 31, 172
]
← Received from servo: [
  255, 255, 6,  33, 0, 0,   0,  0,  0, 0,
    0,   0, 0, 232, 3, 0,   0,  0,  0, 0,
    1,   0, 8,   0, 0, 0,   0, 50, 28, 0,
    0,   0, 0,   8, 0, 0, 142
]
→ Sending to servo: [
  255, 255,  1,   4,
    2,  40, 31, 177
]
← Received from servo: [
  255, 255,  1,  33, 0, 0,  0,  0,  0, 0,
    0,   0,  0, 232, 3, 0,  0,  0,  0, 0,
    1,  37, 12,   0, 0, 0,  0, 50, 26, 0,
    0,   0, 37,  12, 0, 0, 67
]
→ Sending to servo: [
  255, 255,  2,   4,
    2,  40, 31, 176
]
← Received from servo: [
  255, 255,  2,  33, 0, 0,  0,  0,  0, 0,
    0,   0,  0, 232, 3, 0,  0,  0,  0, 0,
    1,  46,  3,   0, 0, 0,  0, 50, 27, 0,
    0,   0, 46,   3, 0, 0, 65
]
→ Sending to servo: [
  255, 255,  3,   4,
    2,  40, 31, 175
]
← Received from servo: [
  255, 255,  3,  33, 0, 0,   0,  0,  0, 0,
    0,   0,  0, 232, 3, 0,   0,  0,  0, 0,
    1,  10, 12,   0, 0, 0,   0, 50, 26, 0,
    0,   0, 10,  12, 0, 0, 119
]
→ Sending to servo: [
  255, 255,  4,   4,
    2,  40, 31, 174
]
← Received from servo: [
  255, 255,  4,  33, 0, 0,  0,  0,  0, 0,
    0,   0,  0, 232, 3, 0,  0,  0,  0, 0,
    1,  42, 10,   0, 0, 0,  0, 50, 27, 0,
    0,   0, 42,  10, 0, 0, 57
]
→ Sending to servo: [
  255, 255,  5,   4,
    2,  40, 31, 173
]
← Received from servo: [
  255, 255,   5,  33, 0, 0,   0,  0,  0, 0,
    0,   0,   0, 232, 3, 0,   0,  0,  0, 0,
    1, 234,   7,   0, 0, 0,   0, 50, 28, 0,
    0,   0, 234,   7, 0, 0, 189
]
→ Sending to servo: [
  255, 255,  6,   4,
    2,  40, 31, 172
]
← Received from servo: [
  255, 255, 6,  33, 0, 0,   0,  0,  0, 0,
    0,   0, 0, 232, 3, 0,   0,  0,  0, 0,
    1,   0, 8,   0, 0, 0,   0, 50, 28, 0,
    0,   0, 0,   8, 0, 0, 142
]
→ Sending to servo: [
  255, 255,  1,   4,
    2,  40, 31, 177
]
← Received from servo: [
  255, 255,  1,  33, 0, 0,  0,  0,  0, 0,
    0,   0,  0, 232, 3, 0,  0,  0,  0, 0,
    1,  37, 12,   0, 0, 0,  0, 50, 26, 0,
    0,   0, 37,  12, 0, 0, 67
]
→ Sending to servo: [
  255, 255,  2,   4,
    2,  40, 31, 176
]
← Received from servo: [
  255, 255,  2,  33, 0, 0,  0,  0,  0, 0,
    0,   0,  0, 232, 3, 0,  0,  0,  0, 0,
    1,  46,  3,   0, 0, 0,  0, 50, 27, 0,
    0,   0, 46,   3, 0, 0, 65
]
→ Sending to servo: [
  255, 255,  3,   4,
    2,  40, 31, 175
]
← Received from servo: [
  255, 255,  3,  33, 0, 0,   0,  0,  0, 0,
    0,   0,  0, 232, 3, 0,   0,  0,  0, 0,
    1,  10, 12,   0, 0, 0,   0, 49, 26, 0,
    0,   0, 10,  12, 0, 0, 120
]
→ Sending to servo: [
  255, 255,  4,   4,
    2,  40, 31, 174
]
← Received from servo: [
  255, 255,  4,  33, 0, 0,  0,  0,  0, 0,
    0,   0,  0, 232, 3, 0,  0,  0,  0, 0,
    1,  42, 10,   0, 0, 0,  0, 50, 27, 0,
    0,   0, 42,  10, 0, 0, 57
]
→ Sending to servo: [
  255, 255,  5,   4,
    2,  40, 31, 173
]
← Received from servo: [
  255, 255,   5,  33, 0, 0,   0,  0,  0, 0,
    0,   0,   0, 232, 3, 0,   0,  0,  0, 0,
    1, 234,   7,   0, 0, 0,   0, 50, 28, 0,
    0,   0, 234,   7, 0, 0, 189
]
→ Sending to servo: [
  255, 255,  6,   4,
    2,  40, 31, 172
]
← Received from servo: [
  255, 255, 6,  33, 0, 0,   0,  0,  0, 0,
    0,   0, 0, 232, 3, 0,   0,  0,  0, 0,
    1,   0, 8,   0, 0, 0,   0, 50, 28, 0,
    0,   0, 0,   8, 0, 0, 142
]
→ Sending to servo: [
  255, 255,  1,   4,
    2,  40, 31, 177
]
← Received from servo: [
  255, 255,  1,  33, 0, 0,  0,  0,  0, 0,
    0,   0,  0, 232, 3, 0,  0,  0,  0, 0,
    1,  37, 12,   0, 0, 0,  0, 50, 26, 0,
    0,   0, 37,  12, 0, 0, 67
]
→ Sending to servo: [
  255, 255,  2,   4,
    2,  40, 31, 176
]
← Received from servo: [
  255, 255,  2,  33, 0, 0,  0,  0,  0, 0,
    0,   0,  0, 232, 3, 0,  0,  0,  0, 0,
    1,  46,  3,   0, 0, 0,  0, 50, 27, 0,
    0,   0, 46,   3, 0, 0, 65
]
→ Sending to servo: [
  255, 255,  3,   4,
    2,  40, 31, 175
]
← Received from servo: [
  255, 255,  3,  33, 0, 0,   0,  0,  0, 0,
    0,   0,  0, 232, 3, 0,   0,  0,  0, 0,
    1,  10, 12,   0, 0, 0,   0, 50, 26, 0,
    0,   0, 10,  12, 0, 0, 119
]
→ Sending to servo: [
  255, 255,  4,   4,
    2,  40, 31, 174
]
← Received from servo: [
  255, 255,  4,  33, 0, 0,  0,  0,  0, 0,
    0,   0,  0, 232, 3, 0,  0,  0,  0, 0,
    1,  42, 10,   0, 0, 0,  0, 50, 27, 0,
    0,   0, 42,  10, 0, 0, 57
]
→ Sending to servo: [
  255, 255,  5,   4,
    2,  40, 31, 173
]
← Received from servo: [
  255, 255,   5,  33, 0, 0,   0,  0,  0, 0,
    0,   0,   0, 232, 3, 0,   0,  0,  0, 0,
    1, 234,   7,   0, 0, 0,   0, 50, 28, 0,
    0,   0, 234,   7, 0, 0, 189
]
→ Sending to servo: [
  255, 255,  6,   4,
    2,  40, 31, 172
]
← Received from servo: [
  255, 255, 6,  33, 0, 0,   0,  0,  0, 0,
    0,   0, 0, 232, 3, 0,   0,  0,  0, 0,
    1,   0, 8,   0, 0, 0,   0, 50, 28, 0,
    0,   0, 0,   8, 0, 0, 142
]
→ Sending to servo: [
  255, 255,  1,   4,
    2,  40, 31, 177
]
← Received from servo: [
  255, 255,  1,  33, 0, 0,  0,  0,  0, 0,
    0,   0,  0, 232, 3, 0,  0,  0,  0, 0,
    1,  37, 12,   0, 0, 0,  0, 50, 26, 0,
    0,   0, 37,  12, 0, 0, 67
]
→ Sending to servo: [
  255, 255,  2,   4,
    2,  40, 31, 176
]
← Received from servo: [
  255, 255,  2,  33, 0, 0,  0,  0,  0, 0,
    0,   0,  0, 232, 3, 0,  0,  0,  0, 0,
    1,  46,  3,   0, 0, 0,  0, 50, 27, 0,
    0,   0, 46,   3, 0, 0, 65
]
→ Sending to servo: [
  255, 255,  3,   4,
    2,  40, 31, 175
]
← Received from servo: [
  255, 255,  3,  33, 0, 0,   0,  0,  0, 0,
    0,   0,  0, 232, 3, 0,   0,  0,  0, 0,
    1,  10, 12,   0, 0, 0,   0, 49, 26, 0,
    0,   0, 10,  12, 0, 0, 120
]
→ Sending to servo: [
  255, 255,  4,   4,
    2,  40, 31, 174
]
← Received from servo: [
  255, 255,  4,  33, 0, 0,  0,  0,  0, 0,
    0,   0,  0, 232, 3, 0,  0,  0,  0, 0,
    1,  42, 10,   0, 0, 0,  0, 50, 27, 0,
    0,   0, 42,  10, 0, 0, 57
]
→ Sending to servo: [
  255, 255,  5,   4,
    2,  40, 31, 173
]
← Received from servo: [
  255, 255,   5,  33, 0, 0,   0,  0,  0, 0,
    0,   0,   0, 232, 3, 0,   0,  0,  0, 0,
    1, 234,   7,   0, 0, 0,   0, 50, 28, 0,
    0,   0, 234,   7, 0, 0, 189
]
→ Sending to servo: [
  255, 255,  6,   4,
    2,  40, 31, 172
]
← Received from servo: [
  255, 255, 6,  33, 0, 0,   0,  0,  0, 0,
    0,   0, 0, 232, 3, 0,   0,  0,  0, 0,
    1,   0, 8,   0, 0, 0,   0, 50, 28, 0,
    0,   0, 0,   8, 0, 0, 142
]
→ Sending to servo: [
  255, 255,  1,   4,
    2,  40, 31, 177
]
← Received from servo: [
  255, 255,  1,  33, 0, 0,  0,  0,  0, 0,
    0,   0,  0, 232, 3, 0,  0,  0,  0, 0,
    1,  37, 12,   0, 0, 0,  0, 50, 26, 0,
    0,   0, 37,  12, 0, 0, 67
]
→ Sending to servo: [
  255, 255,  2,   4,
    2,  40, 31, 176
]
← Received from servo: [
  255, 255,  2,  33, 0, 0,  0,  0,  0, 0,
    0,   0,  0, 232, 3, 0,  0,  0,  0, 0,
    1,  46,  3,   0, 0, 0,  0, 50, 27, 0,
    0,   0, 46,   3, 0, 0, 65
]
→ Sending to servo: [
  255, 255,  3,   4,
    2,  40, 31, 175
]
← Received from servo: [
  255, 255,  3,  33, 0, 0,   0,  0,  0, 0,
    0,   0,  0, 232, 3, 0,   0,  0,  0, 0,
    1,  10, 12,   0, 0, 0,   0, 49, 26, 0,
    0,   0, 10,  12, 0, 0, 120
]
→ Sending to servo: [
  255, 255,  4,   4,
    2,  40, 31, 174
]
← Received from servo: [
  255, 255,  4,  33, 0, 0,  0,  0,  0, 0,
    0,   0,  0, 232, 3, 0,  0,  0,  0, 0,
    1,  42, 10,   0, 0, 0,  0, 50, 27, 0,
    0,   0, 42,  10, 0, 0, 57
]
→ Sending to servo: [
  255, 255,  5,   4,
    2,  40, 31, 173
]
← Received from servo: [
  255, 255,   5,  33, 0, 0,   0,  0,  0, 0,
    0,   0,   0, 232, 3, 0,   0,  0,  0, 0,
    1, 234,   7,   0, 0, 0,   0, 50, 28, 0,
    0,   0, 234,   7, 0, 0, 189
]
→ Sending to servo: [
  255, 255,  6,   4,
    2,  40, 31, 172
]
← Received from servo: [
  255, 255, 6,  33, 0, 0,   0,  0,  0, 0,
    0,   0, 0, 232, 3, 0,   0,  0,  0, 0,
    1,   0, 8,   0, 0, 0,   0, 50, 28, 0,
    0,   0, 0,   8, 0, 0, 142
]
→ Sending to servo: [
  255, 255,  1,   4,
    2,  40, 31, 177
]
← Received from servo: [
  255, 255,  1,  33, 0, 0,  0,  0,  0, 0,
    0,   0,  0, 232, 3, 0,  0,  0,  0, 0,
    1,  37, 12,   0, 0, 0,  0, 50, 26, 0,
    0,   0, 37,  12, 0, 0, 67
]
→ Sending to servo: [
  255, 255,  2,   4,
    2,  40, 31, 176
]
← Received from servo: [
  255, 255,  2,  33, 0, 0,  0,  0,  0, 0,
    0,   0,  0, 232, 3, 0,  0,  0,  0, 0,
    1,  46,  3,   0, 0, 0,  0, 50, 27, 0,
    0,   0, 46,   3, 0, 0, 65
]
→ Sending to servo: [
  255, 255,  3,   4,
    2,  40, 31, 175
]
← Received from servo: [
  255, 255,  3,  33, 0, 0,   0,  0,  0, 0,
    0,   0,  0, 232, 3, 0,   0,  0,  0, 0,
    1,  10, 12,   0, 0, 0,   0, 49, 27, 0,
    0,   0, 10,  12, 0, 0, 119
]
→ Sending to servo: [
  255, 255,  4,   4,
    2,  40, 31, 174
]
← Received from servo: [
  255, 255,  4,  33, 0, 0,  0,  0,  0, 0,
    0,   0,  0, 232, 3, 0,  0,  0,  0, 0,
    1,  42, 10,   0, 0, 0,  0, 50, 27, 0,
    0,   0, 42,  10, 0, 0, 57
]
→ Sending to servo: [
  255, 255,  5,   4,
    2,  40, 31, 173
]
← Received from servo: [
  255, 255,   5,  33, 0, 0,   0,  0,  0, 0,
    0,   0,   0, 232, 3, 0,   0,  0,  0, 0,
    1, 234,   7,   0, 0, 0,   0, 50, 28, 0,
    0,   0, 234,   7, 0, 0, 189
]
→ Sending to servo: [
  255, 255,  6,   4,
    2,  40, 31, 172
]
← Received from servo: [
  255, 255, 6,  33, 0, 0,   0,  0,  0, 0,
    0,   0, 0, 232, 3, 0,   0,  0,  0, 0,
    1,   0, 8,   0, 0, 0,   0, 50, 28, 0,
    0,   0, 0,   8, 0, 0, 142
]
→ Sending to servo: [
  255, 255,  1,   4,
    2,  40, 31, 177
]
← Received from servo: [
  255, 255,  1,  33, 0, 0,  0,  0,  0, 0,
    0,   0,  0, 232, 3, 0,  0,  0,  0, 0,
    1,  37, 12,   0, 0, 0,  0, 50, 26, 0,
    0,   0, 37,  12, 0, 0, 67
]
→ Sending to servo: [
  255, 255,  2,   4,
    2,  40, 31, 176
]
← Received from servo: [
  255, 255,  2,  33, 0, 0,  0,  0,  0, 0,
    0,   0,  0, 232, 3, 0,  0,  0,  0, 0,
    1,  46,  3,   0, 0, 0,  0, 50, 27, 0,
    0,   0, 46,   3, 0, 0, 65
]
→ Sending to servo: [
  255, 255,  3,   4,
    2,  40, 31, 175
]
← Received from servo: [
  255, 255,  3,  33, 0, 0,   0,  0,  0, 0,
    0,   0,  0, 232, 3, 0,   0,  0,  0, 0,
    1,  10, 12,   0, 0, 0,   0, 50, 27, 0,
    0,   0, 10,  12, 0, 0, 118
]
→ Sending to servo: [
  255, 255,  4,   4,
    2,  40, 31, 174
]
← Received from servo: [
  255, 255,  4,  33, 0, 0,  0,  0,  0, 0,
    0,   0,  0, 232, 3, 0,  0,  0,  0, 0,
    1,  42, 10,   0, 0, 0,  0, 50, 27, 0,
    0,   0, 42,  10, 0, 0, 57
]
→ Sending to servo: [
  255, 255,  5,   4,
    2,  40, 31, 173
]
← Received from servo: [
  255, 255,   5,  33, 0, 0,   0,  0,  0, 0,
    0,   0,   0, 232, 3, 0,   0,  0,  0, 0,
    1, 234,   7,   0, 0, 0,   0, 50, 28, 0,
    0,   0, 234,   7, 0, 0, 189
]
→ Sending to servo: [
  255, 255,  6,   4,
    2,  40, 31, 172
]
← Received from servo: [
  255, 255, 6,  33, 0, 0,   0,  0,  0, 0,
    0,   0, 0, 232, 3, 0,   0,  0,  0, 0,
    1,   0, 8,   0, 0, 0,   0, 50, 28, 0,
    0,   0, 0,   8, 0, 0, 142
]
→ Sending to servo: [
  255, 255,  1,   4,
    2,  40, 31, 177
]
← Received from servo: [
  255, 255,  1,  33, 0, 0,  0,  0,  0, 0,
    0,   0,  0, 232, 3, 0,  0,  0,  0, 0,
    1,  37, 12,   0, 0, 0,  0, 50, 26, 0,
    0,   0, 37,  12, 0, 0, 67
]
→ Sending to servo: [
  255, 255,  2,   4,
    2,  40, 31, 176
]
← Received from servo: [
  255, 255,  2,  33, 0, 0,  0,  0,  0, 0,
    0,   0,  0, 232, 3, 0,  0,  0,  0, 0,
    1,  46,  3,   0, 0, 0,  0, 50, 27, 0,
    0,   0, 46,   3, 0, 0, 65
]
→ Sending to servo: [
  255, 255,  3,   4,
    2,  40, 31, 175
]
← Received from servo: [
  255, 255,  3,  33, 0, 0,   0,  0,  0, 0,
    0,   0,  0, 232, 3, 0,   0,  0,  0, 0,
    1,  10, 12,   0, 0, 0,   0, 49, 26, 0,
    0,   0, 10,  12, 0, 0, 120
]
→ Sending to servo: [
  255, 255,  4,   4,
    2,  40, 31, 174
]
← Received from servo: [
  255, 255,  4,  33, 0, 0,  0,  0,  0, 0,
    0,   0,  0, 232, 3, 0,  0,  0,  0, 0,
    1,  42, 10,   0, 0, 0,  0, 50, 27, 0,
    0,   0, 42,  10, 0, 0, 57
]
→ Sending to servo: [
  255, 255,  5,   4,
    2,  40, 31, 173
]
← Received from servo: [
  255, 255,   5,  33, 0, 0,   0,  0,  0, 0,
    0,   0,   0, 232, 3, 0,   0,  0,  0, 0,
    1, 234,   7,   0, 0, 0,   0, 50, 28, 0,
    0,   0, 234,   7, 0, 0, 189
]
→ Sending to servo: [
  255, 255,  6,   4,
    2,  40, 31, 172
]
← Received from servo: [
  255, 255, 6,  33, 0, 0,   0,  0,  0, 0,
    0,   0, 0, 232, 3, 0,   0,  0,  0, 0,
    1,   0, 8,   0, 0, 0,   0, 50, 28, 0,
    0,   0, 0,   8, 0, 0, 142
]
→ Sending to servo: [
  255, 255,  1,   4,
    2,  40, 31, 177
]
← Received from servo: [
  255, 255,  1,  33, 0, 0,  0,  0,  0, 0,
    0,   0,  0, 232, 3, 0,  0,  0,  0, 0,
    1,  37, 12,   0, 0, 0,  0, 50, 26, 0,
    0,   0, 37,  12, 0, 0, 67
]
→ Sending to servo: [
  255, 255,  2,   4,
    2,  40, 31, 176
]
← Received from servo: [
  255, 255,  2,  33, 0, 0,  0,  0,  0, 0,
    0,   0,  0, 232, 3, 0,  0,  0,  0, 0,
    1,  46,  3,   0, 0, 0,  0, 50, 27, 0,
    0,   0, 46,   3, 0, 0, 65
]
→ Sending to servo: [
  255, 255,  3,   4,
    2,  40, 31, 175
]
← Received from servo: [
  255, 255,  3,  33, 0, 0,   0,  0,  0, 0,
    0,   0,  0, 232, 3, 0,   0,  0,  0, 0,
    1,  10, 12,   0, 0, 0,   0, 50, 26, 0,
    0,   0, 10,  12, 0, 0, 119
]
→ Sending to servo: [
  255, 255,  4,   4,
    2,  40, 31, 174
]
← Received from servo: [
  255, 255,  4,  33, 0, 0,  0,  0,  0, 0,
    0,   0,  0, 232, 3, 0,  0,  0,  0, 0,
    1,  42, 10,   0, 0, 0,  0, 50, 27, 0,
    0,   0, 42,  10, 0, 0, 57
]
→ Sending to servo: [
  255, 255,  5,   4,
    2,  40, 31, 173
]
← Received from servo: [
  255, 255,   5,  33, 0, 0,   0,  0,  0, 0,
    0,   0,   0, 232, 3, 0,   0,  0,  0, 0,
    1, 234,   7,   0, 0, 0,   0, 50, 28, 0,
    0,   0, 234,   7, 0, 0, 189
]
→ Sending to servo: [
  255, 255,  6,   4,
    2,  40, 31, 172
]
← Received from servo: [
  255, 255, 6,  33, 0, 0,   0,  0,  0, 0,
    0,   0, 0, 232, 3, 0,   0,  0,  0, 0,
    1,   0, 8,   0, 0, 0,   0, 50, 28, 0,
    0,   0, 0,   8, 0, 0, 142
]
→ Sending to servo: [
  255, 255,  1,   4,
    2,  40, 31, 177
]
← Received from servo: [
  255, 255,  1,  33, 0, 0,  0,  0,  0, 0,
    0,   0,  0, 232, 3, 0,  0,  0,  0, 0,
    1,  37, 12,   0, 0, 0,  0, 50, 26, 0,
    0,   0, 37,  12, 0, 0, 67
]
→ Sending to servo: [
  255, 255,  2,   4,
    2,  40, 31, 176
]
← Received from servo: [
  255, 255,  2,  33, 0, 0,  0,  0,  0, 0,
    0,   0,  0, 232, 3, 0,  0,  0,  0, 0,
    1,  46,  3,   0, 0, 0,  0, 49, 27, 0,
    0,   0, 46,   3, 0, 0, 66
]
→ Sending to servo: [
  255, 255,  3,   4,
    2,  40, 31, 175
]
← Received from servo: [
  255, 255,  3,  33, 0, 0,   0,  0,  0, 0,
    0,   0,  0, 232, 3, 0,   0,  0,  0, 0,
    1,  10, 12,   0, 0, 0,   0, 50, 26, 0,
    0,   0, 10,  12, 0, 0, 119
]
→ Sending to servo: [
  255, 255,  4,   4,
    2,  40, 31, 174
]
← Received from servo: [
  255, 255,  4,  33, 0, 0,  0,  0,  0, 0,
    0,   0,  0, 232, 3, 0,  0,  0,  0, 0,
    1,  42, 10,   0, 0, 0,  0, 50, 27, 0,
    0,   0, 42,  10, 0, 0, 57
]
→ Sending to servo: [
  255, 255,  5,   4,
    2,  40, 31, 173
]
← Received from servo: [
  255, 255,   5,  33, 0, 0,   0,  0,  0, 0,
    0,   0,   0, 232, 3, 0,   0,  0,  0, 0,
    1, 234,   7,   0, 0, 0,   0, 50, 28, 0,
    0,   0, 234,   7, 0, 0, 189
]
→ Sending to servo: [
  255, 255,  6,   4,
    2,  40, 31, 172
]
← Received from servo: [
  255, 255, 6,  33, 0, 0,   0,  0,  0, 0,
    0,   0, 0, 232, 3, 0,   0,  0,  0, 0,
    1,   0, 8,   0, 0, 0,   0, 50, 28, 0,
    0,   0, 0,   8, 0, 0, 142
]


Shutting down...
PS E:\Projekte\Coding\phospho\robocop-arm> 